

--- New Run ---
Random Numbers:
119 751 47 674 216 978 76 135 640 175 667 11 245 798 282 963 534 354 478 880 224 63 296 594 903 786 215 784 463 726 446 59 123 924 72 860 285 634 642 683 256 111 287 218 531 510 417 601 166 529 439 499 58 712 714 929 428 179 452 245 586 500 883 10 866 784 322 738 871 751 658 616 884 114 79 631 950 28 277 778 669 92 701 982 212 579 258 181 314 457 969 844 992 196 336 951 603 292 646 420 
Sorted Array:
10 11 28 47 58 59 63 72 76 79 92 111 114 119 123 135 166 175 179 181 196 212 215 216 218 224 245 245 256 258 277 282 285 287 292 296 314 322 336 354 417 420 428 439 446 452 457 463 478 499 500 510 529 531 534 579 586 594 601 603 616 631 634 640 642 646 658 667 669 674 683 701 712 714 726 738 751 751 778 784 784 786 798 844 860 866 871 880 883 884 903 924 929 950 951 963 969 978 982 992 
Total Comparisons: 537


--- New Run ---
Random Numbers:
132 209 968 624 938 917 526 194 150 350 75 187 497 448 746 779 502 519 801 675 350 451 587 884 778 253 913 151 667 730 450 302 311 496 456 562 740 823 958 23 938 306 687 469 604 366 367 305 328 506 576 459 55 415 78 1 775 673 940 836 159 863 931 969 714 56 671 618 767 255 517 214 176 984 754 263 219 931 366 490 494 209 225 781 742 428 140 476 409 812 379 260 881 191 857 491 44 129 85 495 
Sorted Array:
1 23 44 55 56 75 78 85 129 132 140 150 151 159 176 187 191 194 209 209 214 219 225 253 255 260 263 302 305 306 311 328 350 350 366 366 367 379 409 415 428 448 450 451 456 459 469 476 490 491 494 495 496 497 502 506 517 519 526 562 576 587 604 618 624 667 671 673 675 687 714 730 740 742 746 754 767 775 778 779 781 801 812 823 836 857 863 881 884 913 917 931 931 938 938 940 958 968 969 984 
Total Comparisons: 540
