--- Run 1 ---
Random Numbers:
4 16 17 25 26 52 61 66 67 69 84 94 102 104 114 115 130 133 138 162 172 183 214 238 259 268 283 284 300 318 328 332 336 353 353 368 390 391 395 413 416 437 439 453 455 468 472 475 491 510 520 543 553 565 565 567 582 604 616 621 623 633 650 669 673 679 720 722 724 729 731 735 741 756 760 769 784 785 798 805 810 816 817 822 828 843 843 858 864 876 878 897 918 926 932 935 940 949 953 990 
Sorted Array:
4 16 17 25 26 52 61 66 67 69 84 94 102 104 114 115 130 133 138 162 172 183 214 238 259 268 283 284 300 318 328 332 336 353 353 368 390 391 395 413 416 437 439 453 455 468 472 475 491 510 520 543 553 565 565 567 582 604 616 621 623 633 650 669 673 679 720 722 724 729 731 735 741 756 760 769 784 785 798 805 810 816 817 822 828 843 843 858 864 876 878 897 918 926 932 935 940 949 953 990 
Total Comparisons: 541

--- New Run ---
Input was previous sorted array
Sorted Array:
4 16 17 25 26 52 61 66 67 69 84 94 102 104 114 115 130 133 138 162 172 183 214 238 259 268 283 284 300 318 328 332 336 353 353 368 390 391 395 413 416 437 439 453 455 468 472 475 491 510 520 543 553 565 565 567 582 604 616 621 623 633 650 669 673 679 720 722 724 729 731 735 741 756 760 769 784 785 798 805 810 816 817 822 828 843 843 858 864 876 878 897 918 926 932 935 940 949 953 990 
Total Comparisons: 356
